Datum Begin
	DatumName=FINKKJ
	Minor=6356911.946128
	Major=6378388
	DatumChange Begin
		ToDatum=EUREF-FIN
		DX=  -96.061700
		DY=   -82.427800
		DZ= -121.753500
		OMEGA=  4.801070
		PHI=    0.345430
		KAPPA=  -1.376460
		SCALEDIFF=    1.496400
	DatumChange End	
Datum End
